0 1213
1 1254
2 1130
3 1199
4 1196
5 1190
6 1157
7 1166
8 1111
9 1195
10 1154
11 1181
12 1133
13 1092
14 1127
15 1171
16 1088
17 1137
18 1105
19 1188
20 1112
21 1120
22 1058
23 961
24 1052
25 976
26 1070
27 975
28 940
29 998
30 977
31 868
32 884
33 892
34 899
35 920
36 877
37 828
38 847
39 847
40 814
41 734
42 752
43 748
44 741
45 689
46 749
47 704
48 684
49 643
50 683
51 639
52 647
53 622
54 573
55 550
56 539
57 588
58 493
59 475
60 511
61 481
62 478
63 465
64 423
65 429
66 424
67 438
68 344
69 366
70 345
71 331
72 319
73 320
74 314
75 335
76 285
77 311
78 299
79 269
80 270
81 235
82 243
83 268
84 222
85 236
86 209
87 229
88 243
89 187
90 183
91 161
92 174
93 170
94 170
95 166
96 167
97 157
98 157
99 149
100 140
101 123
102 124
103 114
104 113
105 98
106 76
107 83
108 91
109 110
110 92
111 89
112 79
113 89
114 100
115 77
116 82
117 68
118 81
119 87
120 80
121 89
122 82
123 87
124 66
125 72
126 61
127 65
128 89
129 83
130 72
131 63
132 77
133 84
134 85
135 83
136 78
137 108
138 66
139 71
140 72
141 88
142 91
143 86
144 109
145 84
146 101
147 95
148 89
149 104
150 124
151 131
152 135
153 127
154 106
155 122
156 142
157 155
158 162
159 158
160 146
161 149
162 149
163 154
164 171
165 192
166 167
167 198
168 233
169 231
170 225
171 246
172 239
173 255
174 262
175 256
176 289
177 306
178 322
179 303
180 300
181 305
182 307
183 327
184 316
185 317
186 365
187 356
188 361
189 368
190 404
191 425
192 484
193 487
194 470
195 485
196 534
197 485
198 476
199 497
200 497
201 516
202 603
203 594
204 593
205 582
206 650
207 617
208 653
209 745
210 699
211 675
212 721
213 762
214 799
215 744
216 816
217 746
218 802
219 907
220 835
221 885
222 887
223 874
224 935
225 874
226 935
227 903
228 996
229 957
230 1003
231 979
232 1145
233 1107
234 1038
235 1029
236 1118
237 1030
238 1068
239 1132
240 1094
241 1114
242 1054
243 1156
244 1192
245 1142
246 1156
247 1208
248 1137
249 1158
250 1186
251 1222
252 1210
253 1154
254 1190
255 1238
Entropy: 7,581792829952873
