0 372
1 351
2 407
3 354
4 371
5 420
6 426
7 345
8 391
9 392
10 380
11 391
12 402
13 438
14 397
15 382
16 338
17 410
18 374
19 359
20 380
21 400
22 408
23 409
24 351
25 429
26 392
27 388
28 390
29 452
30 394
31 403
32 393
33 375
34 399
35 427
36 397
37 403
38 373
39 376
40 392
41 446
42 395
43 369
44 399
45 422
46 452
47 403
48 394
49 449
50 422
51 365
52 361
53 404
54 388
55 399
56 418
57 373
58 347
59 405
60 443
61 397
62 383
63 387
64 407
65 382
66 375
67 375
68 409
69 366
70 390
71 382
72 390
73 429
74 388
75 391
76 417
77 394
78 375
79 410
80 384
81 447
82 408
83 411
84 372
85 364
86 410
87 403
88 408
89 361
90 381
91 376
92 377
93 414
94 382
95 388
96 400
97 342
98 448
99 396
100 400
101 332
102 389
103 382
104 372
105 392
106 400
107 408
108 412
109 380
110 420
111 354
112 382
113 422
114 370
115 415
116 444
117 412
118 352
119 385
120 367
121 390
122 364
123 407
124 362
125 385
126 420
127 413
128 406
129 432
130 393
131 421
132 395
133 377
134 401
135 371
136 388
137 384
138 401
139 416
140 404
141 397
142 378
143 412
144 415
145 393
146 373
147 333
148 412
149 432
150 375
151 384
152 360
153 378
154 387
155 406
156 392
157 424
158 418
159 364
160 369
161 371
162 394
163 383
164 352
165 394
166 359
167 407
168 396
169 399
170 390
171 417
172 400
173 404
174 376
175 400
176 381
177 376
178 389
179 400
180 385
181 436
182 403
183 437
184 414
185 367
186 407
187 379
188 432
189 399
190 379
191 396
192 394
193 382
194 369
195 355
196 380
197 365
198 366
199 363
200 392
201 370
202 346
203 400
204 414
205 431
206 379
207 396
208 414
209 434
210 376
211 401
212 410
213 410
214 452
215 349
216 389
217 402
218 308
219 338
220 406
221 390
222 394
223 388
224 394
225 398
226 378
227 354
228 390
229 420
230 387
231 384
232 399
233 407
234 410
235 370
236 402
237 411
238 399
239 409
240 365
241 380
242 389
243 360
244 400
245 389
246 350
247 434
248 386
249 363
250 386
251 396
252 385
253 388
254 406
Entropy: 7,9915966605927595
