0 1016
1 995
2 1078
3 1014
4 934
5 1000
6 995
7 1007
8 1085
9 1038
10 1027
11 1012
12 963
13 995
14 979
15 985
16 971
17 905
18 1004
19 1030
20 969
21 934
22 943
23 968
24 894
25 908
26 859
27 879
28 864
29 925
30 838
31 851
32 837
33 809
34 827
35 798
36 788
37 795
38 793
39 761
40 773
41 831
42 743
43 734
44 739
45 696
46 635
47 666
48 640
49 676
50 673
51 593
52 585
53 584
54 619
55 597
56 549
57 569
58 574
59 536
60 562
61 545
62 564
63 497
64 506
65 518
66 522
67 446
68 419
69 405
70 450
71 453
72 429
73 400
74 361
75 324
76 348
77 361
78 371
79 318
80 321
81 337
82 318
83 312
84 289
85 273
86 279
87 288
88 299
89 253
90 241
91 221
92 215
93 234
94 200
95 235
96 199
97 238
98 204
99 178
100 196
101 197
102 177
103 177
104 203
105 198
106 201
107 150
108 164
109 128
110 136
111 148
112 157
113 153
114 125
115 153
116 163
117 150
118 125
119 104
120 112
121 135
122 135
123 136
124 120
125 103
126 126
127 128
128 104
129 112
130 109
131 113
132 109
133 127
134 123
135 129
136 121
137 117
138 117
139 130
140 139
141 145
142 129
143 122
144 122
145 146
146 138
147 146
148 146
149 162
150 162
151 163
152 165
153 170
154 167
155 175
156 201
157 196
158 195
159 205
160 197
161 207
162 225
163 250
164 223
165 222
166 247
167 229
168 275
169 267
170 270
171 296
172 321
173 289
174 316
175 305
176 327
177 340
178 357
179 333
180 380
181 363
182 403
183 400
184 407
185 453
186 406
187 396
188 470
189 460
190 473
191 526
192 527
193 563
194 540
195 536
196 511
197 479
198 529
199 566
200 595
201 580
202 562
203 597
204 643
205 689
206 605
207 690
208 675
209 656
210 647
211 692
212 735
213 692
214 713
215 766
216 748
217 727
218 857
219 837
220 846
221 840
222 847
223 836
224 776
225 816
226 883
227 846
228 872
229 916
230 953
231 924
232 864
233 842
234 881
235 945
236 915
237 962
238 995
239 1001
240 965
241 992
242 1032
243 983
244 1076
245 1018
246 1045
247 980
248 1064
249 1025
250 968
251 978
252 1014
253 1034
254 923
255 986
Entropy: 7,718319893229149
