0 362
1 376
2 380
3 371
4 405
5 406
6 367
7 355
8 392
9 388
10 385
11 395
12 387
13 418
14 399
15 433
16 390
17 368
18 437
19 399
20 392
21 405
22 372
23 393
24 381
25 396
26 396
27 352
28 377
29 399
30 391
31 348
32 403
33 410
34 336
35 393
36 446
37 422
38 413
39 403
40 368
41 380
42 378
43 383
44 400
45 394
46 373
47 392
48 402
49 379
50 373
51 396
52 388
53 416
54 399
55 368
56 423
57 403
58 364
59 401
60 348
61 384
62 404
63 451
64 388
65 390
66 395
67 384
68 352
69 383
70 371
71 363
72 375
73 409
74 392
75 388
76 429
77 380
78 364
79 371
80 409
81 366
82 408
83 379
84 403
85 374
86 348
87 441
88 382
89 372
90 383
91 382
92 450
93 379
94 387
95 365
96 406
97 417
98 415
99 400
100 424
101 390
102 371
103 354
104 376
105 355
106 405
107 421
108 383
109 373
110 390
111 443
112 403
113 400
114 417
115 442
116 411
117 366
118 380
119 393
120 375
121 375
122 428
123 424
124 389
125 427
126 365
127 373
128 426
129 390
130 424
131 392
132 406
133 414
134 398
135 402
136 384
137 364
138 396
139 429
140 384
141 429
142 453
143 393
144 386
145 426
146 384
147 411
148 383
149 393
150 418
151 419
152 403
153 394
154 366
155 423
156 374
157 385
158 377
159 391
160 373
161 430
162 415
163 363
164 424
165 389
166 403
167 382
168 419
169 339
170 367
171 389
172 364
173 403
174 373
175 408
176 388
177 367
178 428
179 413
180 396
181 358
182 423
183 387
184 410
185 417
186 386
187 385
188 377
189 372
190 425
191 470
192 400
193 395
194 369
195 354
196 386
197 365
198 455
199 370
200 375
201 389
202 406
203 404
204 379
205 358
206 405
207 393
208 397
209 403
210 465
211 340
212 369
213 376
214 381
215 407
216 383
217 401
218 349
219 363
220 365
221 414
222 376
223 368
224 405
225 382
226 400
227 409
228 375
229 414
230 397
231 341
232 394
233 395
234 377
235 382
236 333
237 428
238 368
239 456
240 401
241 382
242 386
243 372
244 365
245 405
246 414
247 366
248 419
249 390
250 396
251 369
252 426
253 391
254 381
Entropy: 7,991577935738045
