0 566
1 578
2 484
3 555
4 546
5 525
6 523
7 539
8 521
9 557
10 596
11 546
12 587
13 508
14 541
15 522
16 508
17 516
18 560
19 514
20 503
21 496
22 506
23 500
24 500
25 523
26 523
27 543
28 525
29 529
30 535
31 544
32 565
33 548
34 490
35 512
36 491
37 552
38 592
39 564
40 506
41 494
42 538
43 542
44 515
45 550
46 572
47 568
48 524
49 525
50 480
51 502
52 562
53 573
54 512
55 561
56 552
57 515
58 536
59 535
60 493
61 551
62 476
63 502
64 529
65 538
66 503
67 558
68 528
69 543
70 511
71 519
72 497
73 523
74 568
75 528
76 545
77 527
78 533
79 519
80 521
81 524
82 548
83 546
84 502
85 571
86 482
87 531
88 554
89 565
90 547
91 547
92 507
93 553
94 510
95 560
96 510
97 507
98 493
99 495
100 534
101 495
102 545
103 466
104 514
105 549
106 490
107 507
108 504
109 457
110 486
111 493
112 557
113 571
114 541
115 532
116 562
117 491
118 487
119 559
120 480
121 519
122 534
123 486
124 493
125 480
126 453
127 515
128 503
129 555
130 527
131 534
132 496
133 517
134 492
135 488
136 508
137 484
138 500
139 543
140 518
141 495
142 541
143 517
144 582
145 530
146 565
147 501
148 528
149 531
150 560
151 552
152 539
153 540
154 508
155 487
156 435
157 503
158 584
159 548
160 564
161 488
162 492
163 601
164 548
165 475
166 513
167 498
168 489
169 538
170 528
171 530
172 501
173 529
174 517
175 543
176 505
177 503
178 592
179 574
180 532
181 476
182 539
183 514
184 519
185 534
186 571
187 527
188 501
189 527
190 600
191 556
192 558
193 544
194 561
195 510
196 570
197 529
198 564
199 532
200 519
201 570
202 459
203 587
204 617
205 537
206 489
207 543
208 583
209 507
210 528
211 545
212 590
213 559
214 513
215 530
216 485
217 499
218 595
219 511
220 531
221 540
222 534
223 553
224 555
225 510
226 526
227 545
228 521
229 542
230 491
231 529
232 525
233 525
234 502
235 637
236 525
237 489
238 557
239 540
240 555
241 583
242 531
243 542
244 532
245 505
246 496
247 548
248 565
249 561
250 537
251 531
252 511
253 519
254 573
255 562
Entropy: 7,997485329479628
