0 380
1 395
2 383
3 363
4 417
5 354
6 418
7 402
8 416
9 367
10 406
11 420
12 417
13 408
14 403
15 418
16 452
17 373
18 373
19 409
20 377
21 370
22 394
23 347
24 360
25 417
26 420
27 391
28 327
29 347
30 394
31 414
32 365
33 390
34 369
35 421
36 392
37 353
38 369
39 439
40 403
41 380
42 405
43 391
44 378
45 395
46 361
47 374
48 394
49 372
50 397
51 400
52 412
53 417
54 346
55 403
56 399
57 391
58 368
59 437
60 369
61 385
62 446
63 389
64 405
65 404
66 404
67 369
68 428
69 410
70 398
71 423
72 358
73 361
74 429
75 384
76 354
77 371
78 433
79 372
80 397
81 403
82 365
83 379
84 353
85 391
86 425
87 390
88 415
89 428
90 385
91 451
92 392
93 388
94 375
95 413
96 361
97 378
98 381
99 433
100 373
101 374
102 377
103 421
104 376
105 355
106 354
107 368
108 422
109 451
110 387
111 426
112 406
113 410
114 390
115 385
116 427
117 394
118 416
119 430
120 391
121 403
122 387
123 383
124 372
125 417
126 405
127 391
128 391
129 383
130 435
131 385
132 389
133 410
134 425
135 382
136 381
137 383
138 417
139 428
140 384
141 397
142 400
143 411
144 414
145 365
146 387
147 384
148 434
149 386
150 375
151 390
152 406
153 361
154 368
155 369
156 449
157 407
158 386
159 344
160 413
161 415
162 414
163 401
164 294
165 372
166 386
167 404
168 436
169 359
170 389
171 411
172 355
173 378
174 383
175 393
176 397
177 438
178 395
179 335
180 401
181 380
182 388
183 409
184 402
185 383
186 416
187 392
188 397
189 405
190 399
191 408
192 365
193 387
194 370
195 358
196 371
197 415
198 400
199 387
200 421
201 360
202 413
203 409
204 373
205 398
206 369
207 334
208 364
209 367
210 407
211 400
212 388
213 370
214 362
215 402
216 360
217 397
218 390
219 393
220 417
221 383
222 354
223 418
224 368
225 402
226 396
227 405
228 353
229 398
230 413
231 388
232 372
233 391
234 433
235 384
236 400
237 369
238 415
239 409
240 424
241 414
242 376
243 393
244 386
245 362
246 387
247 393
248 414
249 396
250 342
251 404
252 423
253 379
254 396
Entropy: 7,9914847846253965
